12d13
13d01
01d02
04d13
98d45
94d37
05d42
04d38
07d32
98mc16
02d75
02d06
04d77
92d67
90d39
99d11
99d05
94d29
97d49
95d29
98d81
08d19
91d50
93d37
09d02
04d54
01d81
99d38
97d48
99d01
00d26
00d84
93d05
91d12
01d08
05d33
01d31
97d52
00d23
08d25
98d61
04d09
03d42
90d09
92d18
98d36
94d49
99mc11
97d15
97d56
01d54
13d23
92d49
96d42
04d64
92d54
14d06
08d29
99d75
94d59
96d14
06d09
94d13
90d11
94d08
93d57
93d47
89mc06
06d32
01d38
01d45
08d08
07d16
92d09
03d59
13d11
96d11
01d39
98mc08
10d08
98d12
94d46
11d20
97d31
01d84
90d05
09d13
00d15
91d60
00d67
97d04
98d71
93d13
03d18
02d09
05d16
95d66
90d42
00mc09
94d02
12d29
95d57
93mc05
01d07
91d31
91d19
03d66
05d41
95d02
94d32
99d70
91mc02
90mc07
09d10
96d53
98d80
94d52
03d39
04d44
90mc03
97d40
92d56
92d53
98d53
92d61
95mc09
08d30
03d29
90d08
94d28
99d48
96d50
90d52
07d02
15d10
01d78
91d03
91d20
98d06
05d38
95d10
98d44
10d34
08d07
14d13
10d11
01d46
99d37
01d76
03d04
12d16
11d10
02d72
97d29
03d36
98d40
98d67
00d74
03d12
04d21
14d03
03d40
02d60
94d10
00d86
92d26
90d14
05d29
08d17
98d50
06d04
00d43
03d50
07d33
98mc17
93d48
95d72
13d17
93d12
11d06
01d71
14mc01
97d73
02d19
10d23
95d27
00d69
02d36
01d55
93d36
00d53
11d13
98d79
99d60
92d17
95d47
10d26
01d36
98d10
93d56
03d45
95d20
05d10
92mc05
91d05
97d68
92d51
95d60
92d25
08d26
98d83
99d08
04d62
93d60
02d42
02d74
92d48
99d33
95d71
94d38
03d32
00d02
99mc04
00mc16
99d41
96d20
96d12
02d70
97d95
02d55
03mc03
95mc04
97d89
08d13
94d50
98d08
05d57
06d25
95d08
91d18
98d47
93d14
12d26
00d30
93mc02
11d19
93d06
10d37
99d42
94d19
92d63
98d49
99d20
01d53
07d40
95d86
01d77
99d58
97d24
00d57
99d10
04d17
97d55
99d78
09d18
13d20
90mc04
93d42
14d09
00d24
04d12
14d19
03d31
07mc04
93d22
15d09
99d27
03d56
09d21
05d54
00mc10
92d19
94d48
92mc04
94d20
00d88
98d66
97d75
95d44
96d58
05d09
02mc05
96d16
98d01
12d19
93mc01
90d12
13d15
92d58
90d26
00d64
06d35
02d07
96d61
93d25
90d34
98d11
92d29
91d08
09d08
94d16
92mc10
04d50
03d13
11d07
02d61
96mc05
07d29
02d18
96d81
05d28
00d27
04d03
05d12
94mc09
06d05
93d11
02d23
91d48
99mc02
09d38
00d04
01d50
15d04
98d24
99d43
98d13
96d48
12d28
04d53
99d06
95d61
95d46
02d04
06d15
92d10
91d53
15d13
96d15
90d04
02d43
90mc01
92d45
96d78
08d09
98d60
97d42
10d25
10d05
92d62
98d48
99d19
97d41
10d35
98d72
97d83
99d36
02mc02
98d43
09d20
94d60
90d16
03d43
01d06
90d50
00mc17
08d12
96d39
14d20
07d07
07d01
91mc03
90d46
95d50
07d17
93d08
97d05
11d01
08d16
97d91
98mc07
07d23
93d23
94d41
13d02
05d58
92mc07
96d35
01d83
99d74
93d28
96d60
93d49
95mc05
95d03
01d44
05d65
00d14
00d56
12d21
09d11
02d35
90d45
03d54
10d30
97mc03
02d25
94d05
16d03
95d67
99d84
93d07
00d52
13d14
92d59
97d80
04d28
90d02
99d77
07mc06
92d52
95d21
03d07
97d25
97d70
97d06
02d71
10d21
92d32
05d07
96d51
04d59
10d15
00d89
03d01
93d43
04d45
91d21
04d11
06d14
98d29
01d37
04d31
05d13
05d40
96d36
12d04
04d01
97d79
09d39
13d16
03d44
91mc05
06d22
07d05
02d77
01d62
98d15
97d74
96d27
10d16
07d37
00d06
98mc13
91d41
98d58
97d44
91d55
02d12
03d28
96d79
09d23
05d11
98d19
97d19
01d43
90d35
92d21
06d26
91d09
08d11
01d14
91d22
98d38
95d37
92d24
00d44
99d30
10d22
98mc10
01mc07
04d63
07d34
99d07
04d04
15d01
01d79
06d31
11d18
03d65
90d44
96d63
00mc15
15d05
99d13
96d23
13d04
00d55
06d12
93d31
98d51
08d27
04d15
05d21
01d23
92d66
99d21
97d13
90d51
99d61
99d32
01d48
95d79
11mc01
99d82
15d12
08d18
02d63
03d55
90d07
08d33
97d72
07d38
90d13
92d38
10d04
99d52
98d73
02d54
95d59
11d12
03mc02
09d07
02mc03
94d25
91d28
94d23
92d31
90d21
16d01
94d39
91d47
08d28
12d09
97d14
03d47
02d14
00d77
10d17
06d19
03d57
01d10
92mc01
98mc06
07d22
05d50
91d39
97d01
95d70
96d47
92d08
98d37
05d55
00d13
13d10
01mc02
04d16
99d53
91d37
01d80
09d19
02d66
95d36
02d34
00d07
99mc01
97d94
92d69
95mc12
98mc11
07d35
09mc02
98d56
90d25
95d51
95d12
10d36
98d27
12d18
03d27
05d17
01d74
03d06
94d17
09d29
07d46
06d17
14d08
01d05
96d59
03d09
91d30
92d11
14d16
00d19
97d32
99mc03
00d05
92d41
11d15
04d30
08d15
02d24
09d31
91d54
03d63
94d27
00d92
93d58
92d28
92d40
05d22
07d10
96d69
01d25
00d39
97d12
09mc01
98d16
99d49
09d25
93d09
95d77
02d57
00d51
96d71
97d50
95d30
01d42
05d39
00d35
00mc02
04d52
02d59
04mc01
03d03
90d15
95d22
96mc04
06d02
06d34
03d10
96d80
92d27
12d20
94mc03
04d60
05d18
91d16
92d33
93d53
98d23
94d11
10d31
96d65
94d04
92mc11
06d30
07mc05
07d14
00d71
04d02
99d18
88d13
12d17
92d01
03d51
96d22
13d05
04d42
90d17
94d33
91d49
91d52
05d06
91d36
92d65
09d28
16d02
97d84
03d08
94d40
12d07
02d05
97d61
05d59
00d80
01d11
97d81
01d82
03d24
92d36
93d19
08d02
01d56
01d15
01d72
06mc02
08d01
98d68
05d49
96d68
98d82
03d14
00d91
96d32
92d60
93d61
04d46
06d18
95mc02
92d23
03d33
96d37
10d38
00d03
93d20
99d76
99mc05
07d06
90d48
95d35
05d64
14d02
90mc09
00d46
05d56
05d72
00d45
11d09
05d20
13d13
13d03
02d26
04d05
99mc09
97d77
91d46
95d09
98d46
97d45
97d22
90mc06
98d57
99d35
93mc03
05d30
95d48
06d20
90d24
00d36
99d66
01d27
07d04
93d44
00mc04
95d84
07d50
90mc10
10d32
94d14
05d14
04d29
15d20
03d11
12d03
94d22
97d46
96d09
02d02
14d17
97d07
11d14
94d56
00d25
99d15
03d62
01d65
04d58
92d20
05d25
02d69
98d39
92d07
00d81
91d29
99d22
94d43
99d62
01d12
95d45
00d20
99d83
05d52
95d76
96d17
98d22
08d34
07d39
90d36
93d30
02d58
97d43
08d04
95d23
98d65
98d26
99mc10
00d12
03d26
02d46
95d80
15d02
93d52
95mc11
91d23
00mc14
00d65
07d15
00d70
93d10
95d58
97d08
11d04
93d26
04d06
15d15
01d34
03d52
03d64
06d39
00d48
95d01
04d76
01d73
01d58
00d87
93d33
98d74
99d46
92d39
92d68
09d34
05d51
09d32
01mc06
02d48
09d06
03d23
02mc08
95d06
10d07
05d36
99d85
97d82
94d57
95d62
09d14
01d26
00d34
08d32
95d85
91d44
90d32
02d28
92d30
94mc10
04d26
91d01
97d64
02d17
04d47
96d74
98d30
94d24
96d72
01mc05
96mc03
03d02
00mc06
96d46
07d21
98mc05
04d48
96d34
96d54
02d33
03d46
99mc06
96d02
00d76
95mc15
01d24
92mc06
95d40
06d03
91d24
97mc04
95mc13
05d73
99d31
94d07
98d21
91d15
99d09
95d15
90d10
12d02
97mc01
97d60
93d39
09d24
99d28
92d05
94mc13
00d31
94d26
93d16
07d41
02d67
01d75
06d21
98d59
12d06
01d41
90d37
97d35
10d03
04mc02
94mc07
01d16
03d19
07d47
96mc07
09d36
94d51
98d17
97d86
02d03
10d20
94mc02
05d19
07mc03
92d47
96d64
00d82
96d07
07d44
04d33
99d14
00d61
02d78
98d28
00d18
10d18
98d03
99d02
90d29
92d37
99d24
07d25
98mc01
13d06
01d32
96d76
05d23
99d59
96d30
00d59
99d63
05d63
96d26
15d03
01d49
95d78
98d18
02d15
10d39
01mc04
10d06
91d11
09d22
92d42
02d56
04d49
02d68
06d37
06d27
93d27
02d47
02mc01
08d10
92d64
07d03
00mc13
12d10
97d85
04d25
96d25
05d34
02d51
97d62
94d34
02d11
92mc03
92d43
92d12
99d29
07d20
98mc04
96d62
04d37
04d79
93d45
99d12
05d67
12d01
00d54
06mc03
90d41
00d49
04d14
00d79
01d51
01d22
91d35
96d33
02d29
94d54
99d80
95mc03
96d18
01d67
92d04
00mc19
01d64
98d54
07d18
05d24
96d29
09d15
98d25
02d39
03d25
93d01
13d12
95mc14
90d49
10d29
90d20
93d18
97d23
93d21
14d05
95mc10
12d08
07d09
92d34
12d23
05d48
11d17
04d32
92d06
03d15
03d61
96d55
00d08
00d90
98d05
91d38
90mc11
05d15
10d12
97d76
91d25
97d34
97d18
03d68
90d23
93d55
90mc08
95d49
97mc02
01d59
97d17
09d27
05d05
95d75
96d24
09d33
03d16
94d35
95d07
01d40
00d37
97d20
08d05
98mc14
07d30
96d08
04d73
96mc06
04d75
09d01
06d16
06d28
90d06
14d14
96mc09
07mc02
94mc01
04d57
05d35
10d33
96d67
94mc11
04d27
03d22
96d73
00d73
97d58
93d17
92d14
99d03
96d01
97d09
92mc09
99d79
91d10
01d04
01d33
96d41
07d11
00d28
06d36
13d08
91mc01
98d32
01d61
91d57
91d14
91d33
05d27
95d24
98d31
05d37
01d69
93d02
00mc05
94d42
12d05
14d04
09d05
02d10
95mc17
15d14
03d53
13d19
97mc06
94d21
00mc03
00d62
07d12
94mc14
04d22
94d45
98d75
08d03
93d38
90d22
97d78
14d10
95d81
02d76
90mc12
07d28
96d45
12d25
97d37
04d71
94mc05
05d47
09d40
94d01
05d66
99d57
99d51
04d43
97d39
99d47
06d10
95d53
05d69
00d47
99d73
04d07
92d46
01d21
01d35
94d36
96d06
95d82
96mc08
05d03
98d55
02d32
98d76
93d32
99mc07
00d01
04d55
91d06
09d35
97mc05
04d40
92d55
95d14
02d16
01d57
03d21
00d11
14d15
90d33
07d08
02d50
02d62
97d16
11d16
91d13
97d51
99d17
92d22
95d69
08d24
97d71
98d04
96d75
94mc06
99d25
95d34
09d37
04d61
02d40
05d70
12d12
99mc08
98d34
00mc12
00d29
12d11
00d78
07d13
14d07
93d15
90d30
15d17
93d46
89mc07
02d64
95d74
99d55
95d17
03d58
03mc01
05d31
15d19
99d67
02d08
96d77
90mc02
93d51
00d33
07d49
97d54
97d63
90mc05
95d43
10d02
93d35
04d56
05d68
91d32
03d49
91d59
13d07
02d20
92d15
05d44
99d64
98d63
97d10
95d55
95d39
96d05
97d38
98d02
97d02
04d41
96d19
99d23
05d74
10d01
07d24
02d31
97d33
94d03
01d13
02mc06
01d68
05d53
97d93
04d78
09d04
95d04
96d28
11d02
08d06
95d32
03d70
98d64
01d52
99d68
98mc03
04d74
07d27
94d62
06d29
00d17
04d24
94mc12
07d42
96d44
12d24
95d64
90d40
00d42
94d15
08d22
91d34
12d14
11d05
92d03
92d13
91d26
05d71
94d30
03d37
04d36
99d72
01d29
91d17
05d02
00d09
04d19
06d23
02d49
99d04
09d16
95mc08
92d44
02d21
01d70
01d18
95d63
00mc18
98d42
10mc01
99d65
13d09
99d39
04d35
06d11
94d44
04d68
02d01
01d09
07mc01
03d60
02mc09
97d65
03d17
02d65
96mc02
99d16
10d13
96d56
97d28
98d62
92d35
99d26
00d63
03d34
05d46
12d22
04d23
97d69
99d50
01d30
06d08
98d69
07d43
94d06
90d38
98d20
03d69
01d60
01d47
95mc01
91d42
06d06
98mc09
97d90
99d40
98mc15
07d31
93d62
93d54
15d18
90d01
02d44
11d03
93mc04
95d41
05d32
05d04
15d06
96d13
09d12
93d50
11d08
14mc02
95d25
02d27
97d21
00d72
93d34
97d87
03d48
01d03
04d72
02d53
94d18
03d72
92mc08
05d43
00d83
01d17
91mc06
91d04
92d57
95d65
08mc01
91d07
00d22
90d28
96d52
95d38
06mc01
99d44
97d03
10d09
96d31
09d30
04d39
05d62
08d20
15d08
04d70
90d18
01d66
95d05
97d11
00d38
04d18
05d26
96d10
09d17
97d59
95mc06
00mc08
93d03
01mc01
01d20
96d70
97d47
95d83
00d16
00d02.
05d61
93d04
91d43
00d66
93d24
91d58
04d20
03d38
96d57
09d09
00d68
06d13
14d11
98d07
97d26
95d33
95d56
01d19
91d27
97d57
98d35
98d52
03d05
13d22
93d40
92d50
99d56
02d22
94d55
94d09
10d19
00d85
97d92
96d49
07d19
14d12
95d26
02d38
06d38
11d11
98d77
00d58
99d81
03d67
10d28
90d31
95d28
04d69
99d54
04d66
91d02
03d20
97d66
00d10
99mc12
10d24
92d16
94d61
04d08
07d48
91d45
95d54
95d73
96d38
08d31
04d51
00d40
90d47
92mc02
02d41
06d07
98d33
94d58
08d21
05d60
06d33
90d19
03d71
97d53
02d45
15d16
99d34
15d07
95d16
96d21
00d75
97d30
94d47
99d69
91d51
15d11
94d53
02mc07
98d78
02d52
03mc04
00d32
10d27
08d14
90d03
08d23
93d59
12d27
98d70
90d43
05d45
98d41
12d15
00mc01
03d41
98mc02
07d26
99d45
14d18
13d21
10d14
94d31
09d03
96d40
00d60
01d63
95d52
91d56
96d04
00d50
00mc11
91mc04
95d31
02d73
04d10
05d75
05d01
02d30
04d67
06d01
95mc16
02mc04
92d02
95mc07
13d18
97mc07
98d14
06d40
01d28
05d08
07d36
98mc12
96d43
91d40
02d37
09d26
01d85
97d88
94d12
95d19
02d13
00d41
95d11
03d30
10d10
97d36
04d65
95d42
90d27
97d27
94mc04
03d35
00d21
04d34
07d45
98d09
96d66
06d24
99d71
01d01
93d41
